<?xml version="1.0"?>
<opencv_storage>

    <!-- 相机内参矩阵参数 -->
    <camera_internal_matrix type_id="camera-internal-matrix">
        <rows>3</rows>
        <cols>3</cols>
        <dt>d</dt>
        <data>
            1585.89801102371    0.0	642.464225345097
            0.0 1571.88081010137  497.808255983924
            0.0 0.0 1.0
        </data>
    </camera_internal_matrix>

    <!-- 相机畸变矩阵参数 -->
    <distortion_coeff type_id="distortion-coeff">
        <rows>5</rows>
        <cols>1</cols>
        <dt>d</dt>
        <data>
            -0.0684336306630214	0.127629944345135	0.264994014599136	0.00103810072598951	-0.000368507029829094
        </data>
    </distortion_coeff>

</opencv_storage>