<?xml version="1.0"?>
<opencv_storage>

    <!-- 相机内参矩阵参数 -->
    <camera_internal_matrix type_id="camera-internal-matrix">
        <rows>3</rows>
        <cols>3</cols>
        <dt>d</dt>
        <data>
            1869.27782726564        0.0 616.417450386095        
            0.0 1854.89287524130    491.911617395898
            0.0 0.0 1.0
        </data>
    </camera_internal_matrix>

    <!-- 相机畸变矩阵参数 -->
    <distortion_coeff type_id="distortion-coeff">
        <rows>5</rows>
        <cols>1</cols>
        <dt>d</dt>
        <data>
          -0.00158071844837269 0.390527437615525 -0.869388435219854 -0.000817822085542283 -0.000817822085542283
        </data>
    </distortion_coeff>

</opencv_storage>
