<?xml version="1.0"?>
<opencv_storage>

    <!-- 相机内参矩阵参数 -->
    <camera_internal_matrix type_id="camera-internal-matrix">
        <rows>3</rows>
        <cols>3</cols>
        <dt>d</dt>
        <data>
            1565.676233739032 0.0 655.4305599468072	
            0.0 1554.145416093191 494.7164713887473
            0.0 0.0 1.0
        </data>
    </camera_internal_matrix>

    <!-- 相机畸变矩阵参数 -->
    <distortion_coeff type_id="distortion-coeff">
        <rows>5</rows>
        <cols>1</cols>
        <dt>d</dt>
        <data>
            -0.090112462738468 0.244300052536983 0.0 0.0 0.0
        </data>
    </distortion_coeff>

</opencv_storage>
