<?xml version="1.0"?>
<opencv_storage>

    <!-- 相机内参矩阵参数 -->
    <camera_internal_matrix type_id="camera-internal-matrix">
        <rows>3</rows>
        <cols>3</cols>
        <dt>d</dt>
        <data>
            1579.91675901508	0.0	644.232254861271
            0.0	1568.07260143617	507.106526445201
            0.0	0.0	1.0
        </data>
    </camera_internal_matrix>

    <!-- 相机畸变矩阵参数 -->
    <distortion_coeff type_id="distortion-coeff">
        <rows>5</rows>
        <cols>1</cols>
        <dt>d</dt>
        <data>
            -0.0748826840901538		0.182593431245251	0.0909562324240811	-0.000564837896876313	-0.000714144203156326
        </data>
    </distortion_coeff>

</opencv_storage>
